% 多目标跟踪配置文件
global dataset;
dataset = [];

% 地图和路口配置
dataset.Town10 = struct(...
    'intersection_1', struct(...
        'name', 'test_data_junc1', ...
        'initialTime', 16.799063429236412, ...
        'juncNum', 1, ...
        'TransformationMatrix', [
            -4.37113883e-08, -1.00000000e+00,  0.00000000e+00, -4.60000000e+01;
             1.00000000e+00, -4.37113883e-08, -0.00000000e+00,  2.10000000e+01;
             0.00000000e+00, -0.00000000e+00,  1.00000000e+00,  1.79999995e+00;
             0.00000000e+00,  0.00000000e+00,  0.00000000e+00,  1.00000000e+00
        ] ...
    ), ...
    'intersection_2', struct(...
        'name', 'test_data_junc2', ...
        'initialTime', 31.274116698652506, ...
        'juncNum', 2, ...
        'TransformationMatrix', [
             -4.37113883e-08, -1.00000000e+00, 0.00000000e+00, 1.04000000e+02;
             1.00000000e+00, -4.37113883e-08, -0.00000000e+00, 2.10000000e+01;
             0.00000000e+00, -0.00000000e+00, 1.00000000e+00, 1.79999995e+00;
             0.00000000e+00, 0.00000000e+00, 0.00000000e+00, 1.00000000e+00
        ] ...
    ) ...
);

dataset.Town01 = struct(...
    'intersection_1', struct(...
        'name', 'test_data_junc1', ...
        'initialTime', 31.274116698652506, ...
        'juncNum', 1, ...
        'TransformationMatrix', [
             -4.37113883e-08, -1.00000000e+00, 0.00000000e+00, 3.36000000e+02;
             1.00000000e+00, -4.37113883e-08, -0.00000000e+00, 1.00000000e+00;
             0.00000000e+00, -0.00000000e+00, 1.00000000e+00, 1.79999995e+00;
             0.00000000e+00, 0.00000000e+00, 0.00000000e+00, 1.00000000e+00
        ] ...
    ), ...
    'intersection_2', struct(...
        'name', 'test_data_junc2', ...
        'initialTime', 31.274116698652506, ...
        'juncNum', 2, ...
        'TransformationMatrix', [
             -4.37113883e-08, -1.00000000e+00, 0.00000000e+00, 3.36000000e+02;
             1.00000000e+00, -4.37113883e-08, -0.00000000e+00, 1.97000000e+02;
             0.00000000e+00, -0.00000000e+00, 1.00000000e+00, 1.79999995e+00;
             0.00000000e+00, 0.00000000e+00, 0.00000000e+00, 1.00000000e+00
        ] ...
    ) ...
);