% 多目标跟踪配置文件
global dataset;
dataset = [];

dataset.town = 'Town10';
dataset.intersection_1 = 'test_data_junc1';
dataset.initialTime_1 = 16.799063429236412;
dataset.TransformationMatrix_1 = [
    -4.37113883e-08, -1.00000000e+00,  0.00000000e+00, -4.60000000e+01;
     1.00000000e+00, -4.37113883e-08, -0.00000000e+00,  2.10000000e+01;
     0.00000000e+00, -0.00000000e+00,  1.00000000e+00,  1.79999995e+00;
     0.00000000e+00,  0.00000000e+00,  0.00000000e+00,  1.00000000e+00
];

dataset.intersection_2 = 'test_data_junc2';
dataset.initialTime_2 = 31.274116698652506;
dataset.TransformationMatrix_2 = [
     -4.37113883e-08, -1.00000000e+00, 0.00000000e+00, 1.04000000e+02;
     1.00000000e+00, -4.37113883e-08, -0.00000000e+00, 2.10000000e+01;
     0.00000000e+00, -0.00000000e+00, 1.00000000e+00, 1.79999995e+00;
     0.00000000e+00, 0.00000000e+00, 0.00000000e+00, 1.00000000e+00
];


%{
dataset.town = 'Town01';
intersection_1 = 'test_data_junc1';
initialTime_1 = 31.274116698652506;
TransformationMatrix_1 = [
     -4.37113883e-08, -1.00000000e+00, 0.00000000e+00, 3.36000000e+02;
     1.00000000e+00, -4.37113883e-08, -0.00000000e+00, 1.00000000e+00;
     0.00000000e+00, -0.00000000e+00, 1.00000000e+00, 1.79999995e+00;
     0.00000000e+00, 0.00000000e+00, 0.00000000e+00, 1.00000000e+00
];

intersection_2 = 'test_data_junc2';
initialTime_2 = 31.274116698652506;
TransformationMatrix_2 = [
     -4.37113883e-08, -1.00000000e+00, 0.00000000e+00, 3.36000000e+02;
     1.00000000e+00, -4.37113883e-08, -0.00000000e+00, 1.97000000e+02;
     0.00000000e+00, -0.00000000e+00, 1.00000000e+00, 1.79999995e+00;
     0.00000000e+00, 0.00000000e+00, 0.00000000e+00, 1.00000000e+00
];
%}